3 6: 7: 3 14 4 1 7 5 6
3 7: 5: 3 14 4 1 7
3 9: 5: 3 17 18 2 9
3 10: 5: 3 14 4 1 10
3 12: 6: 3 14 4 13 0 12
3 13: 4: 3 14 4 13
3 15: 3: 3 14 15
3 16: 4: 3 17 18 16
3 18: 3: 3 17 18
6 3: 7: 6 5 7 1 4 14 3
6 7: 3: 6 5 7
6 9: 3: 6 8 9
6 10: 4: 6 5 11 10
6 12: 4: 6 5 11 12
6 13: 6: 6 5 7 1 4 13
6 15: 7: 6 5 7 1 4 13 15
6 16: 5: 6 5 7 1 16
6 18: 5: 6 8 9 2 18
7 3: 5: 7 1 4 14 3
7 6: 3: 7 5 6
7 9: 3: 7 8 9
7 10: 3: 7 1 10
7 12: 4: 7 5 11 12
7 13: 4: 7 1 4 13
7 15: 5: 7 1 4 13 15
7 16: 3: 7 1 16
7 18: 4: 7 1 16 18
9 3: 5: 9 2 18 17 3
9 6: 3: 9 8 6
9 7: 3: 9 8 7
9 10: 5: 9 2 16 1 10
9 12: 6: 9 8 6 5 11 12
9 13: 6: 9 2 16 1 4 13
9 15: 7: 9 2 16 1 4 13 15
9 16: 3: 9 2 16
9 18: 3: 9 2 18
10 3: 5: 10 1 4 14 3
10 6: 4: 10 11 5 6
10 7: 3: 10 1 7
10 9: 5: 10 1 16 2 9
10 12: 3: 10 0 12
10 13: 3: 10 0 13
10 15: 4: 10 0 13 15
10 16: 3: 10 1 16
10 18: 4: 10 1 16 18
12 3: 6: 12 0 13 4 14 3
12 6: 4: 12 11 5 6
12 7: 4: 12 11 5 7
12 9: 6: 12 11 5 6 8 9
12 10: 3: 12 0 10
12 13: 3: 12 0 13
12 15: 4: 12 0 13 15
12 16: 5: 12 0 10 1 16
12 18: 6: 12 0 10 1 16 18
13 3: 4: 13 4 14 3
13 6: 6: 13 4 1 7 5 6
13 7: 4: 13 4 1 7
13 9: 6: 13 4 1 16 2 9
13 10: 3: 13 0 10
13 12: 3: 13 0 12
13 15: 2: 13 15
13 16: 4: 13 4 1 16
13 18: 4: 13 4 17 18
15 3: 3: 15 14 3
15 6: 7: 15 13 4 1 7 5 6
15 7: 5: 15 13 4 1 7
15 9: 7: 15 13 4 1 16 2 9
15 10: 4: 15 13 0 10
15 12: 4: 15 13 0 12
15 13: 2: 15 13
15 16: 5: 15 13 4 1 16
15 18: 5: 15 13 4 17 18
16 3: 4: 16 18 17 3
16 6: 5: 16 1 7 5 6
16 7: 3: 16 1 7
16 9: 3: 16 2 9
16 10: 3: 16 1 10
16 12: 5: 16 1 10 0 12
16 13: 4: 16 1 4 13
16 15: 5: 16 1 4 13 15
16 18: 2: 16 18
18 3: 3: 18 17 3
18 6: 5: 18 2 9 8 6
18 7: 4: 18 16 1 7
18 9: 3: 18 2 9
18 10: 4: 18 16 1 10
18 12: 6: 18 16 1 10 0 12
18 13: 4: 18 17 4 13
18 15: 5: 18 17 4 13 15
18 16: 2: 18 16
