35 10: 5: 35 7 8 12 10
10 35: 5: 10 12 8 7 35
35 37: 5: 35 7 2 14 37
37 35: 5: 37 14 2 7 35
35 32: 5: 35 7 5 24 32
32 35: 5: 32 24 5 7 35
35 4: 3: 35 7 4
4 35: 3: 4 7 35
35 1: 3: 35 7 1
1 35: 3: 1 7 35
35 27: 4: 35 7 28 27
27 35: 4: 27 28 7 35
35 31: 4: 35 7 19 31
31 35: 4: 31 19 7 35
35 30: 4: 35 7 5 30
30 35: 4: 30 5 7 35
35 0: 3: 35 7 0
0 35: 3: 0 7 35
10 37: 5: 10 12 8 14 37
37 10: 5: 37 14 8 12 10
10 32: 4: 10 12 17 32
32 10: 4: 32 17 12 10
10 4: 4: 10 12 36 4
4 10: 4: 4 36 12 10
10 1: 5: 10 12 8 3 1
1 10: 5: 1 3 8 12 10
10 27: 3: 10 12 27
27 10: 3: 27 12 10
10 31: 4: 10 12 17 31
31 10: 4: 31 17 12 10
10 30: 3: 10 12 30
30 10: 3: 30 12 10
10 0: 5: 10 12 8 2 0
0 10: 5: 0 2 8 12 10
37 32: 5: 37 14 5 24 32
32 37: 5: 32 24 5 14 37
37 4: 4: 37 14 36 4
4 37: 4: 4 36 14 37
37 1: 4: 37 14 5 1
1 37: 4: 1 5 14 37
37 27: 4: 37 14 28 27
27 37: 4: 27 28 14 37
37 31: 5: 37 14 5 19 31
31 37: 5: 31 19 5 14 37
37 30: 4: 37 14 5 30
30 37: 4: 30 5 14 37
37 0: 4: 37 14 2 0
0 37: 4: 0 2 14 37
32 4: 4: 32 17 36 4
4 32: 4: 4 36 17 32
32 1: 4: 32 24 5 1
1 32: 4: 1 5 24 32
32 27: 4: 32 17 12 27
27 32: 4: 27 12 17 32
32 31: 3: 32 17 31
31 32: 3: 31 17 32
32 30: 3: 32 20 30
30 32: 3: 30 20 32
32 0: 4: 32 24 5 0
0 32: 4: 0 5 24 32
4 1: 2: 4 1
1 4: 2: 1 4
4 27: 4: 4 7 28 27
27 4: 4: 27 28 7 4
4 31: 4: 4 7 19 31
31 4: 4: 31 19 7 4
4 30: 4: 4 0 5 30
30 4: 4: 30 5 0 4
4 0: 2: 4 0
0 4: 2: 0 4
1 27: 4: 1 5 15 27
27 1: 4: 27 15 5 1
1 31: 4: 1 5 19 31
31 1: 4: 31 19 5 1
1 30: 3: 1 5 30
30 1: 3: 30 5 1
1 0: 2: 1 0
0 1: 2: 0 1
27 31: 4: 27 12 17 31
31 27: 4: 31 17 12 27
27 30: 3: 27 12 30
30 27: 3: 30 12 27
27 0: 4: 27 15 5 0
0 27: 4: 0 5 15 27
31 30: 3: 31 20 30
30 31: 3: 30 20 31
31 0: 4: 31 19 5 0
0 31: 4: 0 5 19 31
30 0: 3: 30 5 0
0 30: 3: 0 5 30
