0 2: 7: 0 12 10 1 5 7 2
0 6: 6: 0 12 10 1 5 6
0 7: 6: 0 12 10 1 5 7
0 13: 2: 0 13
0 14: 4: 0 13 4 14
0 15: 3: 0 13 15
0 16: 5: 0 12 10 1 16
0 17: 4: 0 13 4 17
0 18: 6: 0 12 10 1 16 18
2 0: 7: 2 9 7 1 5 10 0
2 6: 6: 2 9 7 1 5 6
2 7: 3: 2 9 7
2 13: 5: 2 9 7 1 13
2 14: 4: 2 16 4 14
2 15: 6: 2 9 7 1 13 15
2 16: 2: 2 16
2 17: 4: 2 16 4 17
2 18: 3: 2 16 18
6 0: 5: 6 8 5 10 0
6 2: 5: 6 8 5 7 2
6 7: 4: 6 8 5 7
6 13: 6: 6 8 5 7 1 13
6 14: 8: 6 8 5 7 1 13 4 14
6 15: 7: 6 8 5 7 1 13 15
6 16: 6: 6 8 5 7 1 16
6 17: 8: 6 8 5 7 1 13 4 17
6 18: 7: 6 8 5 7 1 16 18
7 0: 5: 7 1 5 10 0
7 2: 2: 7 2
7 6: 4: 7 1 5 6
7 13: 3: 7 1 13
7 14: 5: 7 1 13 4 14
7 15: 4: 7 1 13 15
7 16: 3: 7 1 16
7 17: 5: 7 1 13 4 17
7 18: 4: 7 1 16 18
13 0: 3: 13 10 0
13 2: 6: 13 4 1 5 7 2
13 6: 5: 13 4 1 5 6
13 7: 5: 13 4 1 5 7
13 14: 3: 13 4 14
13 15: 2: 13 15
13 16: 4: 13 4 1 16
13 17: 3: 13 4 17
13 18: 5: 13 4 1 16 18
14 0: 4: 14 13 10 0
14 2: 7: 14 3 4 1 5 7 2
14 6: 6: 14 3 4 1 5 6
14 7: 6: 14 3 4 1 5 7
14 13: 2: 14 13
14 15: 3: 14 13 15
14 16: 5: 14 3 4 1 16
14 17: 4: 14 3 4 17
14 18: 6: 14 3 4 1 16 18
15 0: 2: 15 0
15 2: 8: 15 0 12 10 1 5 7 2
15 6: 7: 15 0 12 10 1 5 6
15 7: 7: 15 0 12 10 1 5 7
15 13: 3: 15 0 13
15 14: 2: 15 14
15 16: 6: 15 0 12 10 1 16
15 17: 5: 15 0 13 4 17
15 18: 7: 15 0 12 10 1 16 18
16 0: 6: 16 4 1 5 10 0
16 2: 3: 16 7 2
16 6: 5: 16 4 1 5 6
16 7: 2: 16 7
16 13: 4: 16 4 1 13
16 14: 3: 16 4 14
16 15: 5: 16 4 1 13 15
16 17: 3: 16 4 17
16 18: 2: 16 18
17 0: 7: 17 3 4 1 5 10 0
17 2: 4: 17 16 7 2
17 6: 6: 17 3 4 1 5 6
17 7: 3: 17 16 7
17 13: 5: 17 3 4 1 13
17 14: 4: 17 3 4 14
17 15: 6: 17 3 4 1 13 15
17 16: 2: 17 16
17 18: 3: 17 16 18
18 0: 8: 18 2 9 7 1 5 10 0
18 2: 2: 18 2
18 6: 7: 18 2 9 7 1 5 6
18 7: 4: 18 2 9 7
18 13: 6: 18 2 9 7 1 13
18 14: 5: 18 2 16 4 14
18 15: 7: 18 2 9 7 1 13 15
18 16: 3: 18 2 16
18 17: 2: 18 17
